70 03 ff ff 01 ff ff ff fe 03 70 02 00 0f 03 70 03 ff ff 01 ff ff ff fe ff ff 01 00 0f 03 70 03 ff ff 01 ff ff ff fe 03 70 02 00 1a 03 70 03 ff ff 01 ff ff ff fe ff ff 01 00 0f 03 70 03 ff ff
01 ff ff ff fe 03 70 02 00 0f 03 70 03 ff ff 01 ff ff ff fe 03 70 02 00 0f 03 70 03 ff ff 01 ff ff ff fe 03 70 02 00 0f 03 70 03 ff ff 01 ff ff ff fe 03 70 02 00 0f 03 70 03 ff ff 01 ff ff ff
fe 03 70 02 00 13 03 70 03 ff ff 01 ff ff ff fe 03 70 02 00 0f 03 70 03 ff ff 01 ff ff ff fe 0f 03 70 03 00 00 00 00 ff ff 01 ff ff ff fe 03 70 02 00 fe 01 ff ff ff fe 01 ff ff ff fe 09 ff e7
08 54 03 03 03 0b 68 01 00 07 00 01 01 ff ff ff ff 0c ff d3 0b 68 01 00 1c 00 01 0b 68 01 00 15 00 09 0b 68 01 00 0e 00 11 0b 68 01 00 07 00 19 01 ff ff ff fe 0c ff 24 01 ff ff ff fe 0c ff f3
01 ff ff ff fe 0c 00 0b 01 ff ff ff fe 09 ff 0c ff ff ff ff fe 0a 94 ff fb 03 01 0b 64 01 00 11 03 04 54 03 04 03 08 54 05 03 06 09 ff ff ff ff 00 00 00 00 07 09 ff db 08 54 03 03 03 09 00 01
00 00 00 00 00 00 00 00 00 00 00 00 00 00 00 00 00 00 00 00 00 00 00 00 00 00 00 00 00 00 00 00 00 00 00 00 00 00 00 00 00 00 00 00 00 00 00 00 00 00 00 00 00 00 00 00 00 00 00 00 00 00 00 00
00 00 00 00 00 00 00 00 00 00 00 00 00 00 00 00 00 00 00 00 00 00 00 00 00 00 00 00 00 00 00 00 00 00 00 00 00 00 00 00 00 00 00 00 ff ff ff fe 00 00 00 00 00 00 00 00 00 00 00 00 00 00 00 00
00 00 00 00 00 00 00 00 00 00 00 00 00 00 00 00 00 00 00 00 00 00 00 00 00 00 00 00 00 00 00 00 00 00 00 00 00 00 00 00 00 00 00 00 00 00 00 00 00 00 00 00 00 00 00 00 00 00 00 00 00 00 00 00
00 00 00 00 00 00 00 00 00 00 00 00 00 00 00 00 00 00 00 00 00 00 00 00 00 00 00 00 00 00 00 00 00 00 00 00 00 00 00 00 00 00 00 00 00 00 00 00 00 00 00 00 00 00 00 00 00 00 00 00 00 00 00 00
00 00 00 00 00 00 00 00 00 00 00 00 00 00 00 00 00 00 00 00 00 00 00 00 00 00 00 00 00 00 00 00 00 00 00 00 00 00 00 00 00 00 00 00 00 00 00 00 00 00 00 00 00 00 00 00 00 00 00 00 00 00 00 00
00 00 00 00 00 00 00 00 00 00 00 00 00 00 00 00 00 00 00 00 00 00 00 00 00 00 00 00 00 00 00 00 00 00 00 00 00 00 00 00 00 00 00 00 00 00 00 00 00 00 00 00 00 00 00 00 00 00 00 00 00 00 00 00
00 00 00 00 00 00 00 00 00 00 00 00 00 00 00 00 00 00 00 00 00 00 00 00 00 00 00 00 00 00 00 00 00 00 00 00 00 00 00 00 00 00 00 00 00 00 00 00 00 00 00 00 00 00 00 00 00 00 00 00 00 00 00 00
00 00 00 00 00 00 00 00 00 00 00 00 00 00 00 00 00 00 00 00 00 00 00 00 00 00 00 00 00 00 00 00 00 00 00 00 00 00 00 00 00 00 00 00 00 00 00 00 00 00 00 00 00 00 00 00 00 00 00 00 00 00 00 00
00 00 00 00 00 00 00 00 00 00 00 00 00 00 00 00 00 00 00 00 00 00 00 00 00 00 00 00 00 00 00 00 00 00 00 00 00 00 00 00 00 00 00 00 00 00 00 00 00 00 00 00 00 00 00 00 00 00 00 00 00 00 00 00
00 00 00 00 00 00 00 00 00 00 00 00 00 00 00 00 00 00 00 00 00 00 00 00 00 00 00 00 00 00 00 00 00 00 00 00 00 00 00 00 00 00 00 00 00 00 00 00 00 00 00 00 00 00 00 00 00 00 00 00 00 00 00 00
00 00 00 00 00 00 00 00 00 00 00 00 00 00 00 00 00 00 00 00 00 00 00 00 00 00 00 00 00 00 00 00 00 00 00 00 00 00 00 00 00 00 00 00 00 00 00 00 00 00 00 00 00 00 00 00 00 00 00 00 00 00 00 00
00 00 00 00 00 00 00 00 00 00 00 00 00 00 00 00 00 00 00 00 00 00 00 00 00 00 00 00 00 00 00 00 00 00 00 00 00 00 00 00 00 00 00 00 00 00 00 00 00 00 00 00 00 00 00 00 00 00 00 00 00 00 00 00
00 00 00 00 00 00 00 00 00 00 00 00 00 00 00 00 00 00 00 00 00 00 00 00 00 00 00 00 00 00 00 00 00 00 00 00 00 00 00 00 00 00 00 00 00 00 00 00 00 00 00 00 00 00 00 00 00 00 00 00 00 00 00 00
00 00 00 00 00 00 00 00 00 00 00 00 00 00 00 00 00 00 00 00 00 00 00 00 00 00 00 00 00 00 00 00 00 00 00 00 00 00 00 00 00 00 00 00 00 00 00 00 00 00 00 00 00 00 00 00 00 00 00 00 00 00 00 00
00 00 00 00 00 00 00 00 00 00 00 00 00 00 00 00 00 00 00 00 00 00 00 00 00 00 00 00 00 00 00 00 00 00 00 00 00 00 00 00 00 00 00 00 00 00 00 00 00 00 00 00 00 00 00 00 00 00 00 00 00 00 00 00
00 00 00 00 00 00 00 00 00 00 00 00 00 00 00 00 00 00 00 00 00 00 00 00 00 00 00 00 00 00 00 00 00 00 00 00 00 00 00 00 00 00 00 00 00 00 00 00 00 00 00 00 00 00 00 00 00 00 00 00 00 00 00 00
00 00 00 00 00 00 00 00 00 00 00 00 00 00 00 00 00 00 00 00 00 00 00 00 00 00 00 00 00 00 00 00 00 00 00 00 00 00 00 00 00 00 00 00 00 00 00 00 00 00 00 00 00 00 00 00 00 00 00 00 00 00 00 00
00 00 00 00 00 00 00 00 00 00 00 00 00 00 00 00 00 00 00 00 00 00 00 00 00 00 00 00 00 00 00 00 00 00 00 00 00 00 00 00 00 00 00 00 00 00 00 00 00 00 00 00 00 00 00 00 00 00 00 00 00 00 00 00
00 00 00 00 00 00 00 00 00 00 00 00 00 00 00 00 00 00 00 00 00 00 00 00 00 00 00 00 00 00 00 00 00 00 00 00 00 00 00 00 00 00 00 00 00 00 00 00 00 00 00 00 00 00 00 00 00 00 00 00 00 00 00 00
00 00 00 00 00 00 00 00 00 00 00 00 00 00 00 00 00 00 00 00 00 00 00 00 00 00 00 00 00 00 00 00 00 00 00 00 00 00 00 00 00 00 00 00 00 00 00 00 00 00 00 00 00 00 00 00 00 00 00 00 00 00 00 00
00 00 00 00 00 00 00 00 00 00 00 00 00 00 00 00 00 00 00 00 00 00 00 00 00 00 00 00 00 00 00 00 00 00 00 00 00 00 00 00 00 00 00 00 00 00 00 00 00 00 00 00 00 00 00 00 00 00 00 00 00 00 00 00
00 00 00 00 00 00 00 00 00 00 00 00 00 00 00 00 00 00 00 00 00 00 00 00 00 00 00 00 00 00 00 00 00 00 00 00 00 00 00 00 00 00 00 00 00 00 00 00 00 00 00 00 00 00 00 00 00 00 00 00 00 00 00 00
00 00 00 00 00 00 00 00 00 00 00 00 00 00 00 00 00 00 00 00 00 00 00 00 00 00 00 00 00 00 00 00 00 00 00 00 00 00 00 00 00 00 00 00 00 00 00 00 00 00 00 00 00 00 00 00 00 00 00 00 00 00 00 00
00 00 00 00 00 00 00 00 00 00 00 00 00 00 00 00 00 00 00 00 00 00 00 00 00 00 00 00 00 00 00 00 00 00 00 00 00 00 00 00 00 00 00 00 00 00 00 00 00 00 00 00 00 00 00 00 00 00 00 00 00 00 00 00
00 00 00 00 00 00 00 00 00 00 00 00 00 00 00 00 00 00 00 00 00 00 00 00 00 00 00 00 00 00 00 00 00 00 00 00 00 00 00 00 00 00 00 00 00 00 00 00 00 00 00 00 00 00 00 00 00 00 00 00 00 00 00 00
00 00 00 00 00 00 00 00 00 00 00 00 00 00 00 00 00 00 00 00 00 00 00 00 00 00 00 00 00 00 00 00 00 00 00 00 00 00 00 00 00 00 00 00 00 00 00 00 00 00 00 00 00 00 00 00 00 00 00 00 00 00 00 00
00 00 00 00 00 00 00 00 00 00 00 00 00 00 00 00 00 00 00 00 00 00 00 00 00 00 00 00 00 00 00 00 00 00 00 00 00 00 00 00 00 00 00 00 00 00 00 00 00 00 00 00 00 00 00 00 00 00 00 00 00 00 00 00
00 00 00 00 00 00 00 00 00 00 00 00 00 00 00 00 00 00 00 00 00 00 00 00 00 00 00 00 00 00 00 00 00 00 00 00 00 00 00 00 00 00 00 00 00 00 00 00 00 00 00 00 00 00 00 00 00 00 00 00 00 00 00 00
00 00 00 00 00 00 00 00 00 00 00 00 00 00 00 00 00 00 00 00 00 00 00 00 00 00 00 00 00 43 02 90 00 00 00 00 02 02 90 00 00 00 00 10 01 ff ff ff fe 03 70 02 ff e8 03 70 02 ff df 03 70 02 ff d6
03 70 02 ff cd 03 70 02 ff c4 03 70 02 ff bb 03 70 02 ff b2 03 70 02 ff a9 03 70 02 ff a0 03 70 02 ff 97 03 70 02 ff 8e 03 70 02 ff 85 03 70 02 ff 7c 03 70 02 ff 73 03 70 02 ff 6a 03 70 02 ff
61 03 70 02 ff 58 03 70 02 ff 4f 03 70 02 ff 46 03 70 02 ff 3d 03 70 02 ff 34 03 70 02 ff 2b 03 70 02 ff 22 03 70 02 ff 19 03 70 02 ff 10 03 70 02 ff 07 03 70 02 fe fe 03 70 02 fe f5 03 70 02
fe ec 03 70 02 fe e3 03 70 02 fe da 03 70 02 fe d1 03 70 02 fe c8 03 70 02 fe bf 03 70 02 fe b6 03 70 02 fe ad 03 70 02 fe a4 03 70 02 fe 9b 03 70 02 fe 92 03 70 02 fe 89 03 70 02 fe 80 03 70
02 fe 77 03 70 02 fe 6e 03 70 02 fe 65 03 70 02 fe 5c 03 70 02 fe 53 03 70 02 fe 4a 03 70 02 fe 41 03 70 02 fe 38 03 70 02 fe 2f 03 70 02 fe 26 03 70 02 fe 1d 03 70 02 fe 14 03 70 02 fe 0b 03
70 02 fe 02 09 fe e8 01 ff ff ff fe 0c ff fb 02 90 00 00 00 00 10 01 ff ff ff fe 09 ff fb 01 ff ff ff fe 09 00 03 0c ff f8 01 ff ff ff fe 0c 00 5e 01 ff ff ff fe 0c 00 2f 01 ff ff ff fe 0c 00
84 02 90 ff ff ff fe 02 02 90 0f 03 70 03 03 02 90 00 00 00 00 10 01 ff ff ff fe 02 90 00 00 00 00 10 09 00 78 01 ff ff ff fe 0c fe 74 02 90 0f 03 70 03 02 02 90 17 03 70 03 03 02 90 00 00 00
00 10 02 90 00 00 00 00 10 09 00 51 01 ff ff ff fe 0c ff 98 01 ff ff ff fe 0c ff 6e 02 90 ff ff 01 00 02 02 90 1a 03 70 03 03 02 90 00 00 00 00 10 02 90 00 00 00 00 10 02 90 00 00 00 00 10 09
00 1b 02 90 03 70 02 00 02 02 90 13 03 70 03 03 02 90 00 00 00 00 10 09 00 03 03 70 02 00 0f 03 70 03 ff ff 01 00 00 00 00 03 70 02 00 0f 03 70 03 ff ff 01 ff ff ff fe 03 70 02 00 0f 03 70 03
ff ff 01 ff ff ff fe 03 70 02 00 0f 03 70 03 ff ff 01 ff ff ff fe 03 70 02 00 0f 03 70 03 ff ff 01 ff ff ff fe 03 70 02 00 0f 03 70 03 ff ff 01 ff ff ff fe 03 70 02 00 0f 03 70 03 ff ff 01 ff
ff ff fe 03 70 02 00 0f 03 70 03 ff ff 01 ff ff ff fe 03 70 02 00 0f 03 70 03 ff ff 01 ff ff ff fe 03 70 02 00 0f 03 70 03 ff ff 01 ff ff ff fe 03 70 02 00 0f 03 70 03 ff ff 01 ff ff ff fe 03
70 02 00 0f 03 70 03 ff ff 01 ff ff ff fe 03 70 02 00 0f 03 70 03 ff ff 01 ff ff ff fe 03 70 02 00 0f 03 70 03 ff ff 01 ff ff ff fe 03 70 02 00 0f 03 70 03 ff ff 01 ff ff ff fe 03 70 02 00 0f
03 70 03 ff ff 01 ff ff ff fe 03 70 02 00 0f 03 70 03 ff ff 01 ff ff ff fe 03 70 02 00 0f 03 70 03 ff ff 01 ff ff ff fe 03 70 02 00 0f 03 70 03 ff ff 01 ff ff ff fe 03 70 02 00 0f 03 70 03 ff
ff 01 ff ff ff fe 03 70 02 00 0f 03 70 03 ff ff 01 ff ff ff fe 03 70 02 00 0f 03 70 03 ff ff 01 ff ff ff fe 03 70 02 00 13 03 70 03 ff ff 01 ff ff ff fe 03 70 02 00 0f 03 70 03 ff ff 01 ff ff
ff fe 03 70 02 00 13 03 70 03 ff ff 01 ff ff ff fe 03 70 02 00 0f 03 70 03 ff ff 01 ff ff ff fe 03 70 02 00 13 03 70 03 ff ff 01 ff ff ff fe 03 70 02 00 0f 03 70 03 ff ff 01 ff ff ff fe 03 70
02 00 0f 03 70 03 ff ff 01 ff ff ff fe 03 70 02 00 0f 03 70 03 ff ff 01 ff ff ff fe 03 70 02 00 0f 03 70 03 ff ff 01 ff ff ff fe 03 70 02 00 0f 03 70 03 ff ff 01 ff ff ff fe 03 70 02 00 0f 03
70 03 ff ff 01 ff ff ff fe 03 70 02 00 0f 03 70 03 ff ff 01 ff ff ff fe 03 70 02 00 0f 03 70 03 ff ff 01 ff ff ff fe 03 70 02 00 0f 03 70 03 ff ff 01 ff ff ff fe 03 70 02 00 0f 03 70 03 ff ff
01 ff ff ff fe 03 70 02 00 0f 03 70 03 ff ff 01 ff ff ff fe 03 70 02 00 0f 03 70 03 ff ff 01 ff ff ff fe 03 70 02 00 0f 03 70 03 ff ff 01 ff ff ff fe 03 70 02 00 0f 03 70 03 ff ff 01 ff ff ff
fe 03 70 02 00 0f 03 70 03 ff ff 01 ff ff ff fe 03 70 02 00 0f 03 70 03 ff ff 01 ff ff ff fe 03 70 02 00 0f 03 70 03 ff ff 01 ff ff ff fe 03 70 02 00 0f 03 70 03 ff ff 01 ff ff ff fe 03 70 02
00 0f 03 70 03 ff ff 01 ff ff ff fe 03 70 02 00 0f 03 70 03 ff ff 01 ff ff ff fe 03 70 02 00 0f 03 70 03 ff ff 01 ff ff ff fe 03 70 02 00 0f 03 70 03 ff ff 01 ff ff ff fe 03 70 02 00 0f 03 70
03 ff ff 01 ff ff ff fe 03 70 02 00 0f 03 70 03 ff ff 01 ff ff ff fe 03 70 02 00 0f 03 70 03 ff ff 01 ff ff ff fe 03 70 02 00 0f 03 70 03 ff ff 01 ff ff ff fe 03 70 02 00 0f 03 70 03 ff ff 01
ff ff ff fe 03 70 02 00 0f 03 70 03 ff ff 01 ff ff ff fe 03 70 02 00 0f 03 70 03 ff ff 01 ff ff ff fe 03 70 02 00 0f 03 70 03 ff ff 01 ff ff ff fe 03 70 02 00 0f 03 70 03 ff ff 01 ff ff ff fe
03 70 02 00 0f 03 70 03 ff ff 01 ff ff ff fe 03 70 02 00 0f 03 70 03 ff ff 01 ff ff ff fe 03 70 02 00 0f 03 70 03 ff ff 01 ff ff ff fe 03 70 02 00 0f 03 70 03 ff ff 01 ff ff ff fe 03 70 02 00
0f 03 70 03 ff ff 01 ff ff ff fe 03 70 02 00 1a 03 70 03 ff ff 01 ff ff ff fe 03 70 02 00 0f 03 70 03 ff ff 01 ff ff ff fe 03 70 02 00 1a 03 70 03 ff ff 01 ff ff ff fe 03 70 02 00 0f 03 70 03
ff ff 01 ff ff ff fe 03 70 02 00 1a 03 70 03 ff ff 01 ff ff ff fe 03 70 02 00 0f 03 70 03 ff ff 01 ff ff ff fe 03 70 02 00 0f 03 70 03 ff ff 01 ff ff ff fe 03 70 02 00 0f 03 70 03 ff ff 01 ff
ff ff fe 03 70 02 00 0f 03 70 03 ff ff 01 ff ff ff fe 03 70 02 00 0f 03 70 03 ff ff 01 ff ff ff fe 03 70 02 00 0f 03 70 03 ff ff 01 ff ff ff fe 03 70 02 00 0f 03 70 03 ff ff 01 ff ff ff fe 03
70 02 00 0f 03 70 03 ff ff 01 ff ff ff fe 03 70 02 00 0f 03 70 03 ff ff 01 ff ff ff fe ff ff ff fe 0f 03 70 03 ff ff 01 ff ff ff fe 03 70 02 00 0f 03 70 03 ff ff 01 ff ff ff fe 03 70 02 00 0f
03 70 03 ff ff 01 ff ff ff fe 03 70 02 00 0f 03 70 03 ff ff 01 ff ff ff fe 03 70 02 00 0f 03 70 03 ff ff 01 ff ff ff fe 03 70 02 00 0f 03 70 03 ff ff 01 ff ff ff fe 03 70 02 00 0f 03 70 03 ff
ff 01 ff ff ff fe 03 70 02 00 0f 03 70 03 ff ff 01 ff ff ff fe 03 70 02 00 0f 03 70 03 ff ff 01 ff ff ff fe 03 70 02 00 0f 03 70 03 ff ff 01 ff ff ff fe 03 70 02 00 0f 03 70 03 ff ff 01 ff ff
ff fe 03 70 02 00 0f 03 70 03 ff ff 01 ff ff ff fe 03 70 02 00 0f 03 70 03 ff ff 01 ff ff ff fe 03 70 02 00 0f 03 70 03 ff ff 01 ff ff ff fe 03 70 02 00 0f 03 70 03 ff ff 01 ff ff ff fe 03 70
02 00 0f 03 70 03 ff ff 01 ff ff ff fe 03 70 02 00 0f 03 70 03 ff ff 01 ff ff ff fe ff ff 01 00 0f 03 70 03 ff ff 01 ff ff ff fe 03 70 02 00 0f 03 70 03 ff ff 01 ff ff ff fe ff ff 01 00 0f 03